                  prepare_ms                             sync_ms                               
                         min     max    mean        std      min      max     mean          std
similarity when                                                                                
0          after      2401.0  2515.0  2422.9  33.147649  14613.0  14914.0  14724.5    99.398469
           before     3702.0  3803.0  3762.2  51.598450  39426.0  43031.0  40974.9  1293.180872
50         after      2401.0  2435.0  2416.5  10.865337   9607.0   9813.0   9708.9    82.762646
           before     3702.0  3703.0  3702.2   0.421637  20817.0  21314.0  21096.5   181.361671
90         after      2322.0  2428.0  2399.5  35.469079   4706.0   4907.0   4805.6    47.420577
           before     3702.0  3703.0  3702.3   0.483046   8305.0   8406.0   8315.8    31.706291
95         after      2315.0  2428.0  2401.8  31.762312   4122.0   4303.0   4206.6    42.867237
           before     3702.0  3703.0  3702.6   0.516398   6904.0   7006.0   6924.5    42.695953
100        after      2335.0  2431.0  2396.1  31.203454   2407.0   2609.0   2478.1    62.541453
           before     3702.0  3703.0  3702.2   0.421637   4703.0   4704.0   4703.8     0.421637